TITLE : CAX8R element in dynamic analysis
        (15:24:36 on May 3, 2020, Sunday)

C O N T R O L   I N F O R M A T I O N

      NUMBER OF NODAL POINTS . . . . . . . . . . (NUMNP)  =     8
      NUMBER OF ELEMENT GROUPS . . . . . . . . . (NUMEG)  =     1
      NUMBER OF LOAD CASES . . . . . . . . . . . (NLCASE) =     2
      SOLUTION MODE  . . . . . . . . . . . . . . (MODEX)  =     3
         EQ.0, DATA CHECK
         EQ.1, STATISTIC
         EQ.2, MODAL ANALYSIS
         EQ.3, DYNAMICS

 N O D A L   P O I N T   D A T A

    NODE       BOUNDARY                         NODAL POINT
   NUMBER  CONDITION  CODES                     COORDINATES
        1    1    1    1       0.00000e+00    0.00000e+00    0.00000e+00
        2    1    1    1       1.00000e+02    0.00000e+00    0.00000e+00
        3    0    0    1       1.00000e+02    1.00000e+02    0.00000e+00
        4    0    0    1       0.00000e+00    1.00000e+02    0.00000e+00
        5    1    1    1       5.00000e+01    0.00000e+00    0.00000e+00
        6    0    0    1       1.00000e+02    5.00000e+01    0.00000e+00
        7    0    0    1       5.00000e+01    1.00000e+02    0.00000e+00
        8    0    0    1       0.00000e+00    5.00000e+01    0.00000e+00

 EQUATION NUMBERS

   NODE NUMBER   DEGREES OF FREEDOM
        N           X    Y    Z
        1           0    0    0
        2           0    0    0
        3           1    2    0
        4           3    4    0
        5           0    0    0
        6           5    6    0
        7           7    8    0
        8           9   10    0

 L O A D   C A S E   D A T A

     LOAD CASE NUMBER . . . . . . . =     1
     NUMBER OF CONCENTRATED LOADS . =     3

    NODE       DIRECTION      LOAD
   NUMBER                   MAGNITUDE
      3            2       -6.27744e+66
      7            2       -6.27744e+66
      4            2       -6.27744e+66

 L O A D   C A S E   D A T A

     LOAD CASE NUMBER . . . . . . . =     2
     NUMBER OF CONCENTRATED LOADS . =     3

    NODE       DIRECTION      LOAD
   NUMBER                   MAGNITUDE
      3            2       -6.27744e+66
      7            2       -6.27744e+66
      4            2       -6.27744e+66

 E L E M E N T   G R O U P   D A T A


 E L E M E N T   D E F I N I T I O N

 ELEMENT TYPE  . . . . . . . . . . . . .( NPAR(1) ) . . =    8
     EQ.1, TRUSS ELEMENTS
     EQ.2, Q4 ELEMENTS
     EQ.8, AX8R ELEMENTS
     EQ.3, NOT AVAILABLE

 NUMBER OF ELEMENTS. . . . . . . . . . .( NPAR(2) ) . . =    1

 M A T E R I A L   D E F I N I T I O N

 NUMBER OF DIFFERENT SETS OF MATERIAL
 AND CROSS-SECTIONAL  CONSTANTS  . . . .( NPAR(3) ) . . =    1

  SET       YOUNG'S     POISSON'S        DENSITY
 NUMBER     MODULUS       RATIO                    
               E            v              rou     
    1     2.00000e+11     3.00000e-01     7.90000e+03


 E L E M E N T   I N F O R M A T I O N
 ELEMENT     NODE     NODE     NODE     NODE     NODE     NODE     NODE     NODE       MATERIAL
 NUMBER-N      I        J        K        L        M        N        O        P       SET NUMBER
    1          1        2        3        4        5        6        7        8           1

*** _Debug_ *** Column Heights
       0       1       2       3       4       5       6       7       8       9

*** _Debug_ *** Address of Diagonal Element
       1       2       4       7      11      16      22      29      37      46      56

*** _Debug_ *** Address of Diagonal Element
       1       2       4       7      11      16      22      29      37      46      56

	TOTAL SYSTEM DATA

     NUMBER OF EQUATIONS . . . . . . . . . . . . . .(NEQ) = 10
     NUMBER OF MATRIX ELEMENTS . . . . . . . . . . .(NWK) = 55
     MAXIMUM HALF BANDWIDTH  . . . . . . . . . . . .(MK ) = 10
     MEAN HALF BANDWIDTH . . . . . . . . . . . . . .(MM ) = 5


*** _Debug_ *** Banded stiffness matrix
   1.03377e+14   8.92803e+13   4.76609e+13   3.62491e+13   4.02768e+12   3.22215e+13
   3.15502e+13  -9.39793e+12   2.21523e+13   2.01384e+12   1.71848e+14   7.15820e-01
  -1.07405e+13  -5.37024e+12  -5.37024e+12   2.36291e+14   2.34375e-02  -3.49066e+13
   1.07422e+00  -1.04720e+14  -3.49066e+13   2.36291e+14   2.68512e+13   7.22656e+00
   2.28235e+13  -5.63876e+13  -1.20830e+13  -1.07405e+14   8.05537e+13  -1.07405e+13
  -1.07405e+13   5.37024e+13  -1.61107e+13   5.37024e+12  -8.05537e+12  -1.34256e+13
   1.39626e+14   5.85938e-03   1.12775e+14   1.36719e-02   2.14810e+13   1.34256e+13
  -3.75917e+13  -1.34256e+13  -6.71280e+13   8.59239e+13   0.00000e+00   1.07405e+13
  -2.68512e+13   6.44429e+13   1.22070e-02  -4.02768e+13   1.08008e+00  -4.56471e+13
  -1.34256e+13

*** _Debug_ *** Full stiffness matrix
   1.03377e+14   4.76609e+13   3.22215e+13   2.01384e+12  -5.37024e+12  -3.49066e+13  -1.07405e+14  -1.34256e+13  -6.71280e+13  -1.34256e+13
   4.76609e+13   8.92803e+13   4.02768e+12   2.21523e+13  -5.37024e+12  -1.04720e+14  -1.20830e+13  -8.05537e+12  -1.34256e+13  -4.56471e+13
   3.22215e+13   4.02768e+12   3.62491e+13  -9.39793e+12  -1.07405e+13   1.07422e+00  -5.63876e+13   5.37024e+12  -3.75917e+13   1.08008e+00
   2.01384e+12   2.21523e+13  -9.39793e+12   3.15502e+13   7.15820e-01  -3.49066e+13   2.28235e+13  -1.61107e+13   1.34256e+13  -4.02768e+13
  -5.37024e+12  -5.37024e+12  -1.07405e+13   7.15820e-01   1.71848e+14   2.34375e-02   7.22656e+00   5.37024e+13   2.14810e+13   1.22070e-02
  -3.49066e+13  -1.04720e+14   1.07422e+00  -3.49066e+13   2.34375e-02   2.36291e+14   2.68512e+13  -1.07405e+13   1.36719e-02   6.44429e+13
  -1.07405e+14  -1.20830e+13  -5.63876e+13   2.28235e+13   7.22656e+00   2.68512e+13   2.36291e+14  -1.07405e+13   1.12775e+14  -2.68512e+13
  -1.34256e+13  -8.05537e+12   5.37024e+12  -1.61107e+13   5.37024e+13  -1.07405e+13  -1.07405e+13   8.05537e+13   5.85938e-03   1.07405e+13
  -6.71280e+13  -1.34256e+13  -3.75917e+13   1.34256e+13   2.14810e+13   1.36719e-02   1.12775e+14   5.85938e-03   1.39626e+14   0.00000e+00
  -1.34256e+13  -4.56471e+13   1.08008e+00  -4.02768e+13   1.22070e-02   6.44429e+13  -2.68512e+13   1.07405e+13   0.00000e+00   8.59239e+13

*** _Debug_ *** Banded mass matrix
   4.59603e+08   4.59603e+08   0.00000e+00   4.59603e+08   0.00000e+00   9.23872e-05
   4.59603e+08   0.00000e+00   9.23872e-05   0.00000e+00   5.51524e+09   0.00000e+00
  -1.37881e+09   0.00000e+00  -4.59603e+08   5.51524e+09   0.00000e+00  -1.37881e+09
   0.00000e+00  -4.59603e+08   0.00000e+00   3.67683e+09   0.00000e+00   3.67683e+09
   0.00000e+00  -9.19207e+08   0.00000e+00  -2.46525e-04   3.67683e+09   0.00000e+00
   3.67683e+09   0.00000e+00  -9.19207e+08   0.00000e+00  -2.46525e-04   0.00000e+00
   1.83841e+09   0.00000e+00   1.83841e+09   0.00000e+00   1.83841e+09   0.00000e+00
  -4.59603e+08   0.00000e+00  -4.59603e+08   1.83841e+09   0.00000e+00   1.83841e+09
   0.00000e+00   1.83841e+09   0.00000e+00  -4.59603e+08   0.00000e+00  -4.59603e+08
   0.00000e+00

*** _Debug_ *** Full mass matrix
   4.59603e+08   0.00000e+00   9.23872e-05   0.00000e+00  -4.59603e+08   0.00000e+00  -2.46525e-04   0.00000e+00  -4.59603e+08   0.00000e+00
   0.00000e+00   4.59603e+08   0.00000e+00   9.23872e-05   0.00000e+00  -4.59603e+08   0.00000e+00  -2.46525e-04   0.00000e+00  -4.59603e+08
   9.23872e-05   0.00000e+00   4.59603e+08   0.00000e+00  -1.37881e+09   0.00000e+00  -9.19207e+08   0.00000e+00  -4.59603e+08   0.00000e+00
   0.00000e+00   9.23872e-05   0.00000e+00   4.59603e+08   0.00000e+00  -1.37881e+09   0.00000e+00  -9.19207e+08   0.00000e+00  -4.59603e+08
  -4.59603e+08   0.00000e+00  -1.37881e+09   0.00000e+00   5.51524e+09   0.00000e+00   3.67683e+09   0.00000e+00   1.83841e+09   0.00000e+00
   0.00000e+00  -4.59603e+08   0.00000e+00  -1.37881e+09   0.00000e+00   5.51524e+09   0.00000e+00   3.67683e+09   0.00000e+00   1.83841e+09
  -2.46525e-04   0.00000e+00  -9.19207e+08   0.00000e+00   3.67683e+09   0.00000e+00   3.67683e+09   0.00000e+00   1.83841e+09   0.00000e+00
   0.00000e+00  -2.46525e-04   0.00000e+00  -9.19207e+08   0.00000e+00   3.67683e+09   0.00000e+00   3.67683e+09   0.00000e+00   1.83841e+09
  -4.59603e+08   0.00000e+00  -4.59603e+08   0.00000e+00   1.83841e+09   0.00000e+00   1.83841e+09   0.00000e+00   1.83841e+09   0.00000e+00
   0.00000e+00  -4.59603e+08   0.00000e+00  -4.59603e+08   0.00000e+00   1.83841e+09   0.00000e+00   1.83841e+09   0.00000e+00   1.83841e+09

S T A R T: D Y N A M I C S  A N A L Y S I S

	Begin the Load case		1
