TITLE : problem CAX8R
        (11:21:46 on May 4, 2020, Monday)

C O N T R O L   I N F O R M A T I O N

      NUMBER OF NODAL POINTS . . . . . . . . . . (NUMNP)  =     8
      NUMBER OF ELEMENT GROUPS . . . . . . . . . (NUMEG)  =     1
      NUMBER OF LOAD CASES . . . . . . . . . . . (NLCASE) =     1
      SOLUTION MODE  . . . . . . . . . . . . . . (MODEX)  =     1
         EQ.0, DATA CHECK
         EQ.1, STATISTIC
         EQ.2, MODAL ANALYSIS
         EQ.3, DYNAMICS

 N O D A L   P O I N T   D A T A

    NODE       BOUNDARY                         NODAL POINT
   NUMBER  CONDITION  CODES                     COORDINATES
        1    0    0    1      0.00000e+000   0.00000e+000   0.00000e+000
        2    0    0    1      1.00000e+002   0.00000e+000   0.00000e+000
        3    0    0    1      1.00000e+002   1.00000e+002   0.00000e+000
        4    0    0    1      0.00000e+000   1.00000e+002   0.00000e+000
        5    0    0    1      5.00000e+001   0.00000e+000   0.00000e+000
        6    0    0    1      1.00000e+002   5.00000e+001   0.00000e+000
        7    0    0    1      5.00000e+001   1.00000e+002   0.00000e+000
        8    0    0    1      0.00000e+000   5.00000e+001   0.00000e+000

 EQUATION NUMBERS

   NODE NUMBER   DEGREES OF FREEDOM
        N           X    Y    Z
        1           1    2    0
        2           3    4    0
        3           5    6    0
        4           7    8    0
        5           9   10    0
        6          11   12    0
        7          13   14    0
        8          15   16    0

 L O A D   C A S E   D A T A

     LOAD CASE NUMBER . . . . . . . =     1
     NUMBER OF CONCENTRATED LOADS . =     3

    NODE       DIRECTION      LOAD
   NUMBER                   MAGNITUDE
      3            2       1.00000e+003
      7            2       1.00000e+003
      4            2       1.00000e+003

 E L E M E N T   G R O U P   D A T A


 E L E M E N T   D E F I N I T I O N

 ELEMENT TYPE  . . . . . . . . . . . . .( NPAR(1) ) . . =    8
     EQ.1, TRUSS ELEMENTS
     EQ.2, Q4 ELEMENTS
     EQ.8, AX8R ELEMENTS
     EQ.3, NOT AVAILABLE

 NUMBER OF ELEMENTS. . . . . . . . . . .( NPAR(2) ) . . =    1

 M A T E R I A L   D E F I N I T I O N

 NUMBER OF DIFFERENT SETS OF MATERIAL
 AND CROSS-SECTIONAL  CONSTANTS  . . . .( NPAR(3) ) . . =    1

  SET       YOUNG'S     POISSON'S        DENSITY
 NUMBER     MODULUS       RATIO                    
               E            v              rou     
    1    2.00000e+011    3.00000e-001    7.90000e+003


 E L E M E N T   I N F O R M A T I O N
 ELEMENT     NODE     NODE     NODE     NODE     NODE     NODE     NODE     NODE       MATERIAL
 NUMBER-N      I        J        K        L        M        N        O        P       SET NUMBER
    1          1        2        3        4        5        6        7        8           1

*** _Debug_ *** Column Heights
       0       1       2       3       4       5       6       7       8       9      10      11      12      13      14      15

*** _Debug_ *** Address of Diagonal Element
       1       2       4       7      11      16      22      29      37      46      56      67      79      92     106     121     137

*** _Debug_ *** Address of Diagonal Element
       1       2       4       7      11      16      22      29      37      46      56      67      79      92     106     121     137

	TOTAL SYSTEM DATA

     NUMBER OF EQUATIONS . . . . . . . . . . . . . .(NEQ) = 16
     NUMBER OF MATRIX ELEMENTS . . . . . . . . . . .(NWK) = 136
     MAXIMUM HALF BANDWIDTH  . . . . . . . . . . . .(MK ) = 16
     MEAN HALF BANDWIDTH . . . . . . . . . . . . . .(MM ) = 8


*** _Debug_ *** Banded stiffness matrix
  3.62491e+013  3.15502e+013  9.39793e+012  1.03377e+014 -2.01384e+012  3.22215e+013
  8.92803e+013 -4.76609e+013  2.21523e+013 -4.02768e+012  1.03377e+014  6.04152e+012
  2.68512e+013  1.40969e+013  3.49066e+013  8.92803e+013  4.76609e+013  4.63184e+013
 -6.04152e+012  3.02076e+013  9.39793e+012  3.62491e+013  4.02768e+012  3.22215e+013
 -9.39793e+012  3.49066e+013  4.02768e+012  1.74533e+013  3.15502e+013 -9.39793e+012
  2.21523e+013  2.01384e+012  3.02076e+013 -1.40969e+013  1.81246e+013 -4.02768e+012
  2.36291e+014  1.34256e+012 -5.63876e+013 -1.20830e+013 -6.17578e+013  1.20830e+013
 -1.07405e+014 -2.28235e+013 -5.63876e+013  8.05537e+013  1.07405e+013 -1.07405e+013
  5.37024e+012 -2.95363e+013 -8.05537e+012 -8.05537e+012  1.34256e+013 -1.61107e+013
 -5.37024e+012  1.71848e+014 -5.37024e+013  7.22803e+000  7.15820e-001 -1.07405e+013
 -5.37024e+012 -5.37024e+012  5.37024e+012 -5.37024e+012 -7.31445e-001 -1.07405e+013
  2.36291e+014  2.34375e-002 -1.07405e+013 -2.68512e+013 -3.49066e+013  1.07422e+000
 -1.04720e+014 -3.49066e+013 -1.04720e+014  3.49066e+013 -3.49066e+013 -1.08936e+000
  2.36291e+014  2.68512e+013  7.22656e+000 -1.07405e+013  1.02035e+014  2.28235e+013
 -5.63876e+013 -1.20830e+013 -1.07405e+014  1.20830e+013 -6.17578e+013 -1.34256e+012
 -5.63876e+013  8.05537e+013 -1.07405e+013 -1.07405e+013  5.37024e+013 -1.61107e+013
  1.07405e+013 -1.61107e+013  5.37024e+012 -8.05537e+012 -1.34256e+013 -2.95363e+013
  8.05537e+012 -1.07405e+013 -5.37024e+012  1.39626e+014  5.85938e-003  1.12775e+014
  1.36719e-002  2.14810e+013 -6.83594e-003  1.12775e+014  1.34256e+013 -3.75917e+013
 -1.34256e+013 -6.71280e+013  1.34256e+013 -6.71280e+013 -1.34256e+013 -3.75917e+013
  8.59239e+013  0.00000e+000  1.07405e+013 -2.68512e+013  6.44429e+013  1.22070e-002
  1.07405e+013  2.68512e+013 -4.02768e+013  1.08008e+000 -4.56471e+013 -1.34256e+013
 -4.56471e+013  1.34256e+013 -4.02768e+013 -1.07617e+000

*** _Debug_ *** Full stiffness matrix
  3.62491e+013  9.39793e+012  3.22215e+013 -4.02768e+012  3.49066e+013  9.39793e+012  1.74533e+013 -4.02768e+012 -5.63876e+013 -5.37024e+012 -1.07405e+013 -1.08936e+000 -5.63876e+013 -5.37024e+012 -3.75917e+013 -1.07617e+000
  9.39793e+012  3.15502e+013 -2.01384e+012  2.21523e+013  1.40969e+013  3.02076e+013  4.02768e+012  1.81246e+013 -2.28235e+013 -1.61107e+013 -7.31445e-001 -3.49066e+013 -1.34256e+012 -1.07405e+013 -1.34256e+013 -4.02768e+013
  3.22215e+013 -2.01384e+012  1.03377e+014 -4.76609e+013  2.68512e+013 -6.04152e+012  3.49066e+013 -1.40969e+013 -1.07405e+014  1.34256e+013 -5.37024e+012  3.49066e+013 -6.17578e+013  8.05537e+012 -6.71280e+013  1.34256e+013
 -4.02768e+012  2.21523e+013 -4.76609e+013  8.92803e+013  6.04152e+012  4.63184e+013 -9.39793e+012  3.02076e+013  1.20830e+013 -8.05537e+012  5.37024e+012 -1.04720e+014  1.20830e+013 -2.95363e+013  1.34256e+013 -4.56471e+013
  3.49066e+013  1.40969e+013  2.68512e+013  6.04152e+012  1.03377e+014  4.76609e+013  3.22215e+013  2.01384e+012 -6.17578e+013 -8.05537e+012 -5.37024e+012 -3.49066e+013 -1.07405e+014 -1.34256e+013 -6.71280e+013 -1.34256e+013
  9.39793e+012  3.02076e+013 -6.04152e+012  4.63184e+013  4.76609e+013  8.92803e+013  4.02768e+012  2.21523e+013 -1.20830e+013 -2.95363e+013 -5.37024e+012 -1.04720e+014 -1.20830e+013 -8.05537e+012 -1.34256e+013 -4.56471e+013
  1.74533e+013  4.02768e+012  3.49066e+013 -9.39793e+012  3.22215e+013  4.02768e+012  3.62491e+013 -9.39793e+012 -5.63876e+013  5.37024e+012 -1.07405e+013  1.07422e+000 -5.63876e+013  5.37024e+012 -3.75917e+013  1.08008e+000
 -4.02768e+012  1.81246e+013 -1.40969e+013  3.02076e+013  2.01384e+012  2.21523e+013 -9.39793e+012  3.15502e+013  1.34256e+012 -1.07405e+013  7.15820e-001 -3.49066e+013  2.28235e+013 -1.61107e+013  1.34256e+013 -4.02768e+013
 -5.63876e+013 -2.28235e+013 -1.07405e+014  1.20830e+013 -6.17578e+013 -1.20830e+013 -5.63876e+013  1.34256e+012  2.36291e+014  1.07405e+013  7.22803e+000 -2.68512e+013  1.02035e+014  1.07405e+013  1.12775e+014  2.68512e+013
 -5.37024e+012 -1.61107e+013  1.34256e+013 -8.05537e+012 -8.05537e+012 -2.95363e+013  5.37024e+012 -1.07405e+013  1.07405e+013  8.05537e+013 -5.37024e+013 -1.07405e+013 -1.07405e+013 -1.61107e+013 -6.83594e-003  1.07405e+013
 -1.07405e+013 -7.31445e-001 -5.37024e+012  5.37024e+012 -5.37024e+012 -5.37024e+012 -1.07405e+013  7.15820e-001  7.22803e+000 -5.37024e+013  1.71848e+014  2.34375e-002  7.22656e+000  5.37024e+013  2.14810e+013  1.22070e-002
 -1.08936e+000 -3.49066e+013  3.49066e+013 -1.04720e+014 -3.49066e+013 -1.04720e+014  1.07422e+000 -3.49066e+013 -2.68512e+013 -1.07405e+013  2.34375e-002  2.36291e+014  2.68512e+013 -1.07405e+013  1.36719e-002  6.44429e+013
 -5.63876e+013 -1.34256e+012 -6.17578e+013  1.20830e+013 -1.07405e+014 -1.20830e+013 -5.63876e+013  2.28235e+013  1.02035e+014 -1.07405e+013  7.22656e+000  2.68512e+013  2.36291e+014 -1.07405e+013  1.12775e+014 -2.68512e+013
 -5.37024e+012 -1.07405e+013  8.05537e+012 -2.95363e+013 -1.34256e+013 -8.05537e+012  5.37024e+012 -1.61107e+013  1.07405e+013 -1.61107e+013  5.37024e+013 -1.07405e+013 -1.07405e+013  8.05537e+013  5.85938e-003  1.07405e+013
 -3.75917e+013 -1.34256e+013 -6.71280e+013  1.34256e+013 -6.71280e+013 -1.34256e+013 -3.75917e+013  1.34256e+013  1.12775e+014 -6.83594e-003  2.14810e+013  1.36719e-002  1.12775e+014  5.85938e-003  1.39626e+014  0.00000e+000
 -1.07617e+000 -4.02768e+013  1.34256e+013 -4.56471e+013 -1.34256e+013 -4.56471e+013  1.08008e+000 -4.02768e+013  2.68512e+013  1.07405e+013  1.22070e-002  6.44429e+013 -2.68512e+013  1.07405e+013  0.00000e+000  8.59239e+013

*** _Debug_ *** Banded mass matrix
  5.51524e+008  5.51524e+008  0.00000e+000  1.10305e+009  0.00000e+000  2.75762e+008
  1.10305e+009  0.00000e+000  2.75762e+008  0.00000e+000  1.10305e+009  0.00000e+000
  1.37881e+008  0.00000e+000  4.13643e+008  1.10305e+009  0.00000e+000  1.37881e+008
  0.00000e+000  4.13643e+008  0.00000e+000  5.51524e+008  0.00000e+000  2.75762e+008
  0.00000e+000  4.13643e+008  0.00000e+000  4.13643e+008  5.51524e+008  0.00000e+000
  2.75762e+008  0.00000e+000  4.13643e+008  0.00000e+000  4.13643e+008  0.00000e+000
  4.41219e+009  0.00000e+000 -1.10305e+009  0.00000e+000 -1.10305e+009  0.00000e+000
 -5.51524e+008  0.00000e+000 -1.10305e+009  4.41219e+009  0.00000e+000 -1.10305e+009
  0.00000e+000 -1.10305e+009  0.00000e+000 -5.51524e+008  0.00000e+000 -1.10305e+009
  0.00000e+000  6.61829e+009  0.00000e+000  3.30914e+009  0.00000e+000 -1.37881e+009
  0.00000e+000 -8.27286e+008  0.00000e+000 -8.27286e+008  0.00000e+000 -1.37881e+009
  6.61829e+009  0.00000e+000  3.30914e+009  0.00000e+000 -1.37881e+009  0.00000e+000
 -8.27286e+008  0.00000e+000 -8.27286e+008  0.00000e+000 -1.37881e+009  0.00000e+000
  4.41219e+009  0.00000e+000  3.30914e+009  0.00000e+000  2.20610e+009  0.00000e+000
 -1.10305e+009  0.00000e+000 -5.51524e+008  0.00000e+000 -1.10305e+009  0.00000e+000
 -1.10305e+009  4.41219e+009  0.00000e+000  3.30914e+009  0.00000e+000  2.20610e+009
  0.00000e+000 -1.10305e+009  0.00000e+000 -5.51524e+008  0.00000e+000 -1.10305e+009
  0.00000e+000 -1.10305e+009  0.00000e+000  2.20610e+009  0.00000e+000  2.20610e+009
  0.00000e+000  2.20610e+009  0.00000e+000  2.20610e+009  0.00000e+000 -8.27286e+008
  0.00000e+000 -8.27286e+008  0.00000e+000 -8.27286e+008  0.00000e+000 -8.27286e+008
  2.20610e+009  0.00000e+000  2.20610e+009  0.00000e+000  2.20610e+009  0.00000e+000
  2.20610e+009  0.00000e+000 -8.27286e+008  0.00000e+000 -8.27286e+008  0.00000e+000
 -8.27286e+008  0.00000e+000 -8.27286e+008  0.00000e+000

*** _Debug_ *** Full mass matrix
  5.51524e+008  0.00000e+000  2.75762e+008  0.00000e+000  4.13643e+008  0.00000e+000  4.13643e+008  0.00000e+000 -1.10305e+009  0.00000e+000 -1.37881e+009  0.00000e+000 -1.10305e+009  0.00000e+000 -8.27286e+008  0.00000e+000
  0.00000e+000  5.51524e+008  0.00000e+000  2.75762e+008  0.00000e+000  4.13643e+008  0.00000e+000  4.13643e+008  0.00000e+000 -1.10305e+009  0.00000e+000 -1.37881e+009  0.00000e+000 -1.10305e+009  0.00000e+000 -8.27286e+008
  2.75762e+008  0.00000e+000  1.10305e+009  0.00000e+000  1.37881e+008  0.00000e+000  4.13643e+008  0.00000e+000 -5.51524e+008  0.00000e+000 -8.27286e+008  0.00000e+000 -1.10305e+009  0.00000e+000 -8.27286e+008  0.00000e+000
  0.00000e+000  2.75762e+008  0.00000e+000  1.10305e+009  0.00000e+000  1.37881e+008  0.00000e+000  4.13643e+008  0.00000e+000 -5.51524e+008  0.00000e+000 -8.27286e+008  0.00000e+000 -1.10305e+009  0.00000e+000 -8.27286e+008
  4.13643e+008  0.00000e+000  1.37881e+008  0.00000e+000  1.10305e+009  0.00000e+000  2.75762e+008  0.00000e+000 -1.10305e+009  0.00000e+000 -8.27286e+008  0.00000e+000 -5.51524e+008  0.00000e+000 -8.27286e+008  0.00000e+000
  0.00000e+000  4.13643e+008  0.00000e+000  1.37881e+008  0.00000e+000  1.10305e+009  0.00000e+000  2.75762e+008  0.00000e+000 -1.10305e+009  0.00000e+000 -8.27286e+008  0.00000e+000 -5.51524e+008  0.00000e+000 -8.27286e+008
  4.13643e+008  0.00000e+000  4.13643e+008  0.00000e+000  2.75762e+008  0.00000e+000  5.51524e+008  0.00000e+000 -1.10305e+009  0.00000e+000 -1.37881e+009  0.00000e+000 -1.10305e+009  0.00000e+000 -8.27286e+008  0.00000e+000
  0.00000e+000  4.13643e+008  0.00000e+000  4.13643e+008  0.00000e+000  2.75762e+008  0.00000e+000  5.51524e+008  0.00000e+000 -1.10305e+009  0.00000e+000 -1.37881e+009  0.00000e+000 -1.10305e+009  0.00000e+000 -8.27286e+008
 -1.10305e+009  0.00000e+000 -5.51524e+008  0.00000e+000 -1.10305e+009  0.00000e+000 -1.10305e+009  0.00000e+000  4.41219e+009  0.00000e+000  3.30914e+009  0.00000e+000  2.20610e+009  0.00000e+000  2.20610e+009  0.00000e+000
  0.00000e+000 -1.10305e+009  0.00000e+000 -5.51524e+008  0.00000e+000 -1.10305e+009  0.00000e+000 -1.10305e+009  0.00000e+000  4.41219e+009  0.00000e+000  3.30914e+009  0.00000e+000  2.20610e+009  0.00000e+000  2.20610e+009
 -1.37881e+009  0.00000e+000 -8.27286e+008  0.00000e+000 -8.27286e+008  0.00000e+000 -1.37881e+009  0.00000e+000  3.30914e+009  0.00000e+000  6.61829e+009  0.00000e+000  3.30914e+009  0.00000e+000  2.20610e+009  0.00000e+000
  0.00000e+000 -1.37881e+009  0.00000e+000 -8.27286e+008  0.00000e+000 -8.27286e+008  0.00000e+000 -1.37881e+009  0.00000e+000  3.30914e+009  0.00000e+000  6.61829e+009  0.00000e+000  3.30914e+009  0.00000e+000  2.20610e+009
 -1.10305e+009  0.00000e+000 -1.10305e+009  0.00000e+000 -5.51524e+008  0.00000e+000 -1.10305e+009  0.00000e+000  2.20610e+009  0.00000e+000  3.30914e+009  0.00000e+000  4.41219e+009  0.00000e+000  2.20610e+009  0.00000e+000
  0.00000e+000 -1.10305e+009  0.00000e+000 -1.10305e+009  0.00000e+000 -5.51524e+008  0.00000e+000 -1.10305e+009  0.00000e+000  2.20610e+009  0.00000e+000  3.30914e+009  0.00000e+000  4.41219e+009  0.00000e+000  2.20610e+009
 -8.27286e+008  0.00000e+000 -8.27286e+008  0.00000e+000 -8.27286e+008  0.00000e+000 -8.27286e+008  0.00000e+000  2.20610e+009  0.00000e+000  2.20610e+009  0.00000e+000  2.20610e+009  0.00000e+000  2.20610e+009  0.00000e+000
  0.00000e+000 -8.27286e+008  0.00000e+000 -8.27286e+008  0.00000e+000 -8.27286e+008  0.00000e+000 -8.27286e+008  0.00000e+000  2.20610e+009  0.00000e+000  2.20610e+009  0.00000e+000  2.20610e+009  0.00000e+000  2.20610e+009

